
Transition Matrix for Guard 1:
 [[0.4 0.2 0.  0.  0.4 0.  0.  0.  0.  0.  0.  0.  0.  0.  0.  0. ]
 [0.2 0.2 0.2 0.  0.  0.4 0.  0.  0.  0.  0.  0.  0.  0.  0.  0. ]
 [0.  0.2 0.2 0.2 0.  0.  0.4 0.  0.  0.  0.  0.  0.  0.  0.  0. ]
 [0.  0.  0.2 0.4 0.  0.  0.  0.4 0.  0.  0.  0.  0.  0.  0.  0. ]
 [0.2 0.  0.  0.  0.2 0.2 0.  0.  0.4 0.  0.  0.  0.  0.  0.  0. ]
 [0.  0.2 0.  0.  0.2 0.  0.2 0.  0.  0.4 0.  0.  0.  0.  0.  0. ]
 [0.  0.  0.2 0.  0.  0.2 0.  0.2 0.  0.  0.4 0.  0.  0.  0.  0. ]
 [0.  0.  0.  0.2 0.  0.  0.2 0.2 0.  0.  0.  0.4 0.  0.  0.  0. ]
 [0.  0.  0.  0.  0.2 0.  0.  0.  0.2 0.2 0.  0.  0.4 0.  0.  0. ]
 [0.  0.  0.  0.  0.  0.2 0.  0.  0.2 0.  0.2 0.  0.  0.4 0.  0. ]
 [0.  0.  0.  0.  0.  0.  0.2 0.  0.  0.2 0.  0.2 0.  0.  0.4 0. ]
 [0.  0.  0.  0.  0.  0.  0.  0.2 0.  0.  0.2 0.2 0.  0.  0.  0.4]
 [0.  0.  0.  0.  0.  0.  0.  0.  0.2 0.  0.  0.  0.6 0.2 0.  0. ]
 [0.  0.  0.  0.  0.  0.  0.  0.  0.  0.2 0.  0.  0.2 0.4 0.2 0. ]
 [0.  0.  0.  0.  0.  0.  0.  0.  0.  0.  0.2 0.  0.  0.2 0.4 0.2]
 [0.  0.  0.  0.  0.  0.  0.  0.  0.  0.  0.  0.2 0.  0.  0.2 0.6]]

Transition Matrix for Guard 2:
 [[0.6 0.3 0.  0.  0.1 0.  0.  0.  0.  0.  0.  0.  0.  0.  0.  0. ]
 [0.2 0.4 0.3 0.  0.  0.1 0.  0.  0.  0.  0.  0.  0.  0.  0.  0. ]
 [0.  0.2 0.4 0.3 0.  0.  0.1 0.  0.  0.  0.  0.  0.  0.  0.  0. ]
 [0.  0.  0.2 0.7 0.  0.  0.  0.1 0.  0.  0.  0.  0.  0.  0.  0. ]
 [0.4 0.  0.  0.  0.2 0.3 0.  0.  0.1 0.  0.  0.  0.  0.  0.  0. ]
 [0.  0.4 0.  0.  0.2 0.  0.3 0.  0.  0.1 0.  0.  0.  0.  0.  0. ]
 [0.  0.  0.4 0.  0.  0.2 0.  0.3 0.  0.  0.1 0.  0.  0.  0.  0. ]
 [0.  0.  0.  0.4 0.  0.  0.2 0.3 0.  0.  0.  0.1 0.  0.  0.  0. ]
 [0.  0.  0.  0.  0.4 0.  0.  0.  0.2 0.3 0.  0.  0.1 0.  0.  0. ]
 [0.  0.  0.  0.  0.  0.4 0.  0.  0.2 0.  0.3 0.  0.  0.1 0.  0. ]
 [0.  0.  0.  0.  0.  0.  0.4 0.  0.  0.2 0.  0.3 0.  0.  0.1 0. ]
 [0.  0.  0.  0.  0.  0.  0.  0.4 0.  0.  0.2 0.3 0.  0.  0.  0.1]
 [0.  0.  0.  0.  0.  0.  0.  0.  0.4 0.  0.  0.  0.3 0.3 0.  0. ]
 [0.  0.  0.  0.  0.  0.  0.  0.  0.  0.4 0.  0.  0.2 0.1 0.3 0. ]
 [0.  0.  0.  0.  0.  0.  0.  0.  0.  0.  0.4 0.  0.  0.2 0.1 0.3]
 [0.  0.  0.  0.  0.  0.  0.  0.  0.  0.  0.  0.4 0.  0.  0.2 0.4]]

 Compute the probability of a guard being in any room at a given iteration. This can be computed once and used as a
 lookup to determine the best move to take at each step. We choose the move with the lowest risk that decreases the
 Manhattan distance to the goal, which is room 16.


 G1: [0.05333333 0.05333333 0.05333333 0.05333333 0.06666667 0.06666667, 0.06666667 0.06666667 0.06666667 0.06666667 0.06666667 0.06666667, 0.08       0.08       0.08       0.08      ]
 G2: [0.08       0.08666667 0.08666667 0.09333333 0.06       0.06666667, 0.06666667 0.07333333 0.06       0.06666667 0.06666667 0.07333333, 0.04       0.04666667 0.04666667 0.05333333]

 The best path is going all the way down, then all the way right to reach the exit.